   8       0 sda 338 0 4874 590 19 8 168 206 0 282 795
   8       1 sda1 309 0 4386 575 13 8 168 149 0 210 723
 179       0 mmcblk0 12292 450 1292262 15800 2838941 1124152 85598824 46228145 0 6779044 46243432
 179       1 mmcblk0p1 507 0 5816 420 0 0 0 0 0 420 420
 179       2 mmcblk0p2 82 29 2554 37 5 1 48 909 0 939 946
 179       3 mmcblk0p3 1839 0 32672 300 0 0 0 0 0 259 300
 179       4 mmcblk0p4 1842 0 32776 273 0 0 0 0 0 247 272
 179       5 mmcblk0p5 4318 238 508082 7543 270361 192960 6555192 3664703 0 1390787 3672132
 179       6 mmcblk0p6 3638 183 709394 7216 2568550 931191 79043584 42562526 0 5803427 42569344
 179      16 mmcblk0boot1 1114 0 10672 87 0 0 0 0 0 87 87
 179       8 mmcblk0boot0 1110 0 10560 86 0 0 0 0 0 86 86
   7       0 loop0 0 0 0 0 0 0 0 0 0 0 0
   7       1 loop1 0 0 0 0 0 0 0 0 0 0 0
   7       2 loop2 0 0 0 0 0 0 0 0 0 0 0
   7       3 loop3 0 0 0 0 0 0 0 0 0 0 0
   7       4 loop4 0 0 0 0 0 0 0 0 0 0 0
   7       5 loop5 0 0 0 0 0 0 0 0 0 0 0
   7       6 loop6 0 0 0 0 0 0 0 0 0 0 0
   7       7 loop7 0 0 0 0 0 0 0 0 0 0 0
